EditorSettings:
  Color:
    Text: [1, 1, 1, 1]
    TextDisabled: [0.239999995, 0.239999995, 0.239999995, 1]
    WindowBg: [0.140000001, 0.140000001, 0.140000001, 1]
    ChildBg: [0.140000001, 0.140000001, 0.140000001, 1]
    PopupBg: [0.140000001, 0.140000001, 0.140000001, 1]
    Border: [0.430000007, 0.430000007, 0.5, 0.5]
    BorderShadow: [0, 0, 0, 0]
    FrameBg: [0.200000003, 0.200000003, 0.200000003, 1]
    FrameBgHovered: [0.239999995, 0.239999995, 0.239999995, 1]
    FrameBgActive: [0.239999995, 0.239999995, 0.239999995, 1]
    TitleBg: [0.140000001, 0.140000001, 0.140000001, 1]
    TitleBgActive: [0.140000001, 0.140000001, 0.140000001, 1]
    TitleBgCollapsed: [0.140000001, 0.140000001, 0.140000001, 1]
    MenuBarBg: [0.200000003, 0.200000003, 0.200000003, 1]
    ScrollbarBg: [0.140000001, 0.140000001, 0.140000001, 1]
    ScrollbarGrab: [0.239999995, 0.239999995, 0.239999995, 1]
    ScrollbarGrabHovered: [0.239999995, 0.239999995, 0.239999995, 1]
    ScrollbarGrabActive: [0.239999995, 0.239999995, 0.239999995, 1]
    CheckMark: [0.860000014, 0.930000007, 0.889999986, 1]
    SliderGrab: [0.239999995, 0.239999995, 0.239999995, 1]
    SliderGrabActive: [0.239999995, 0.239999995, 0.239999995, 1]
    Button: [0.200000003, 0.200000003, 0.200000003, 1]
    ButtonHovered: [0.239999995, 0.239999995, 0.239999995, 1]
    ButtonActive: [0.239999995, 0.239999995, 0.239999995, 1]
    Header: [0.239999995, 0.239999995, 0.239999995, 1]
    HeaderHovered: [0.239999995, 0.239999995, 0.239999995, 1]
    HeaderActive: [0.239999995, 0.239999995, 0.239999995, 1]
    Separator: [0.430000007, 0.430000007, 0.5, 0.5]
    SeparatorHovered: [0.430000007, 0.430000007, 0.5, 0.5]
    SeparatorActive: [0.430000007, 0.430000007, 0.5, 0.5]
    ResizeGrip: [0.239999995, 0.239999995, 0.239999995, 1]
    ResizeGripHovered: [0.239999995, 0.239999995, 0.239999995, 1]
    ResizeGripActive: [0.239999995, 0.239999995, 0.239999995, 1]
    Tab: [0.140000001, 0.140000001, 0.140000001, 1]
    TabHovered: [0.239999995, 0.239999995, 0.239999995, 1]
    TabActive: [0.239999995, 0.239999995, 0.239999995, 1]
    TabUnfocused: [0.140000001, 0.140000001, 0.140000001, 1]
    TabUnfocusedActive: [0.239999995, 0.239999995, 0.239999995, 1]
    DockingPreview: [0.25999999, 0.589999974, 0.980000019, 0.699999988]
    DockingEmptyBg: [0.200000003, 0.200000003, 0.200000003, 1]
    PlotLines: [0.860000014, 0.930000007, 0.889999986, 1]
    PlotLinesHovered: [0.860000014, 0.930000007, 0.889999986, 1]
    PlotHistogram: [0.860000014, 0.930000007, 0.889999986, 1]
    PlotHistogramHovered: [0.860000014, 0.930000007, 0.889999986, 1]
    TableHeaderBg: [0.189999998, 0.189999998, 0.200000003, 1]
    TableBorderStrong: [0.310000002, 0.310000002, 0.349999994, 1]
    TableBorderLight: [0.230000004, 0.230000004, 0.25, 1]
    TableRowBg: [0, 0, 0, 0]
    TableRowBgAlt: [1, 1, 1, 0.0599999987]
    DragDropTarget: [0.860000014, 0.930000007, 0.889999986, 1]
    NavHighlight: [0.860000014, 0.930000007, 0.889999986, 1]
    NavWindowingHighlight: [0.860000014, 0.930000007, 0.889999986, 1]
    NavWindowingDimBg: [0.140000001, 0.140000001, 0.140000001, 1]
    ModalWindowDimBg: [0.140000001, 0.140000001, 0.140000001, 1]
  Font:
    Main:
      Size: 12
      File: EngineAssets/Font/Open_Sans/static/OpenSans-Bold.ttf
    Toast:
      Size: 12
      File: EngineAssets/Font/Open_Sans/static/OpenSans-Bold.ttf
  Camera:
    FOV: 90
    NormalSpeed: 1
    FastSpeed: 2
    SlowSpeed: 0.5
    Sensitivity: 0.00499999989
